0.051267	0.69956	0.0026283	0.035864	0.48938	0.00013475	0.0018387	0.025089	0.34235	6.91E-06	9.43E-05	0.0012863	0.017551	0.2395	3.54E-07	4.83E-06	6.59E-05	0.00089981	0.012278	0.16754	1.82E-08	2.48E-07	3.38E-06	4.61E-05	0.00062947	0.0085894	0.11721	1
-0.092742	0.68494	0.0086011	-0.063523	0.46914	-0.00079768	0.0058912	-0.043509	0.32133	7.40E-05	-0.00054636	0.0040351	-0.029801	0.22009	-6.86E-06	5.07E-05	-0.00037423	0.0027638	-0.020412	0.15075	6.36E-07	-4.70E-06	3.47E-05	-0.00025632	0.0018931	-0.013981	0.10326	1
-0.21371	0.69225	0.045672	-0.14794	0.47921	-0.0097606	0.031616	-0.10241	0.33173	0.0020859	-0.0067567	0.021886	-0.070895	0.22964	-0.00044578	0.001444	-0.0046774	0.015151	-0.049077	0.15897	9.53E-05	-0.00030859	0.0009996	-0.0032379	0.010488	-0.033973	0.11005	1
-0.375	0.50219	0.14062	-0.18832	0.25219	-0.052734	0.07062	-0.094573	0.12665	0.019775	-0.026483	0.035465	-0.047494	0.063602	-0.0074158	0.009931	-0.013299	0.01781	-0.023851	0.03194	0.0027809	-0.0037241	0.0049873	-0.0066788	0.0089441	-0.011978	0.01604	1
-0.51325	0.46564	0.26343	-0.23899	0.21682	-0.1352	0.12266	-0.11128	0.10096	0.069393	-0.062956	0.057116	-0.051818	0.047011	-0.035616	0.032312	-0.029315	0.026596	-0.024128	0.02189	0.01828	-0.016584	0.015046	-0.01365	0.012384	-0.011235	0.010193	1
-0.52477	0.2098	0.27538	-0.1101	0.044016	-0.14451	0.057775	-0.023098	0.0092346	0.075836	-0.030319	0.012121	-0.004846	0.0019374	-0.039797	0.01591	-0.0063609	0.002543	-0.0010167	0.00040647	0.020884	-0.0083493	0.003338	-0.0013345	0.00053353	-0.0002133	8.53E-05	1
-0.39804	0.034357	0.15844	-0.013675	0.0011804	-0.063064	0.0054434	-0.00046985	4.06E-05	0.025102	-0.0021667	0.00018702	-1.61E-05	1.39E-06	-0.0099916	0.00086243	-7.44E-05	6.43E-06	-5.55E-07	4.79E-08	0.003977	-0.00034328	2.96E-05	-2.56E-06	2.21E-07	-1.91E-08	1.64E-09	1
-0.30588	-0.19225	0.093563	0.058805	0.03696	-0.028619	-0.017987	-0.011305	-0.0071056	0.008754	0.005502	0.0034581	0.0021735	0.001366	-0.0026777	-0.0016829	-0.0010578	-0.00066482	-0.00041785	-0.00026262	0.00081904	0.00051478	0.00032355	0.00020335	0.00012781	8.03E-05	5.05E-05	1
0.016705	-0.40424	0.00027906	-0.0067528	0.16341	4.66E-06	-0.00011281	0.0027298	-0.066057	7.79E-08	-1.88E-06	4.56E-05	-0.0011035	0.026703	1.30E-09	-3.15E-08	7.62E-07	-1.84E-05	0.00044607	-0.010794	2.17E-11	-5.26E-10	1.27E-08	-3.08E-07	7.45E-06	-0.00018032	0.0043635	1
0.13191	-0.51389	0.0174	-0.067787	0.26408	0.0022953	-0.0089418	0.034835	-0.13571	0.00030277	-0.0011795	0.0045951	-0.017901	0.06974	3.99E-05	-0.00015559	0.00060614	-0.0023614	0.0091994	-0.035839	5.27E-06	-2.05E-05	8.00E-05	-0.00031149	0.0012135	-0.0047275	0.018417	1
0.38537	-0.56506	0.14851	-0.21776	0.31929	0.057231	-0.083917	0.12305	-0.18042	0.022055	-0.032339	0.047418	-0.069528	0.10195	0.0084994	-0.012463	0.018274	-0.026794	0.039288	-0.057607	0.0032754	-0.0048027	0.0070421	-0.010326	0.01514	-0.0222	0.032551	1
0.52938	-0.5212	0.28024	-0.27591	0.27165	0.14836	-0.14606	0.14381	-0.14158	0.078536	-0.077323	0.076128	-0.074952	0.073793	0.041576	-0.040933	0.040301	-0.039678	0.039065	-0.038461	0.022009	-0.021669	0.021334	-0.021005	0.02068	-0.020361	0.020046	1
0.63882	-0.24342	0.40809	-0.1555	0.059253	0.2607	-0.099338	0.037852	-0.014423	0.16654	-0.063459	0.024181	-0.009214	0.003511	0.10639	-0.040539	0.015447	-0.0058861	0.0022429	-0.00085464	0.067963	-0.025897	0.0098679	-0.0037601	0.0014328	-0.00054596	0.00020804	1
0.73675	-0.18494	0.5428	-0.13625	0.034203	0.39991	-0.10039	0.025199	-0.0063255	0.29463	-0.073959	0.018565	-0.0046603	0.0011698	0.21707	-0.054489	0.013678	-0.0034335	0.00086187	-0.00021635	0.15993	-0.040145	0.010077	-0.0025296	0.00063499	-0.00015939	4.00E-05	1
0.54666	0.48757	0.29884	0.26654	0.23772	0.16336	0.1457	0.12995	0.11591	0.089304	0.079651	0.071041	0.063362	0.056513	0.048819	0.043542	0.038835	0.034637	0.030893	0.027554	0.026687	0.023803	0.02123	0.018935	0.016888	0.015063	0.013435	1
0.322	0.5826	0.10368	0.1876	0.33942	0.033386	0.060406	0.10929	0.19775	0.01075	0.019451	0.035193	0.063675	0.11521	0.0034616	0.0062632	0.011332	0.020503	0.037097	0.06712	0.0011146	0.0020167	0.0036489	0.0066021	0.011945	0.021613	0.039104	1
0.16647	0.53874	0.027712	0.089684	0.29024	0.0046133	0.01493	0.048316	0.15636	0.00076797	0.0024853	0.0080432	0.02603	0.08424	0.00012784	0.00041374	0.001339	0.0043332	0.014023	0.045383	2.13E-05	6.89E-05	0.0002229	0.00072135	0.0023345	0.007555	0.02445	1
-0.046659	0.81652	0.0021771	-0.038098	0.6667	-0.00010158	0.0017776	-0.031108	0.54438	4.74E-06	-8.29E-05	0.0014515	-0.0254	0.4445	-2.21E-07	3.87E-06	-6.77E-05	0.0011851	-0.02074	0.36294	1.03E-08	-1.81E-07	3.16E-06	-5.53E-05	0.00096769	-0.016934	0.29635	1
-0.17339	0.69956	0.030064	-0.1213	0.48938	-0.0052128	0.021032	-0.084854	0.34235	0.00090385	-0.0036467	0.014713	-0.059361	0.2395	-0.00015672	0.0006323	-0.0025511	0.010293	-0.041526	0.16754	2.72E-05	-0.00010963	0.00044233	-0.0017846	0.0072003	-0.02905	0.11721	1
-0.47869	0.63377	0.22914	-0.30338	0.40166	-0.10969	0.14522	-0.19227	0.25456	0.052507	-0.069518	0.092039	-0.12186	0.16133	-0.025135	0.033277	-0.044058	0.058332	-0.077229	0.10225	0.012032	-0.01593	0.02109	-0.027923	0.036969	-0.048945	0.064802	1
-0.60541	0.59722	0.36652	-0.36156	0.35667	-0.2219	0.21889	-0.21593	0.21301	0.13434	-0.13252	0.13073	-0.12896	0.12721	-0.081329	0.080229	-0.079144	0.078073	-0.077017	0.075975	0.049238	-0.048572	0.047915	-0.047266	0.046627	-0.045996	0.045374	1
-0.62846	0.33406	0.39496	-0.20994	0.1116	-0.24822	0.13194	-0.070134	0.03728	0.15599	-0.08292	0.044076	-0.023429	0.012454	-0.098037	0.052112	-0.0277	0.014724	-0.0078266	0.0041603	0.061612	-0.03275	0.017408	-0.0092535	0.0049187	-0.0026146	0.0013898	1
-0.59389	0.005117	0.35271	-0.0030389	2.62E-05	-0.20947	0.0018048	-1.56E-05	1.34E-07	0.1244	-0.0010718	9.24E-06	-7.96E-08	6.86E-10	-0.073881	0.00063656	-5.48E-06	4.73E-08	-4.07E-10	3.51E-12	0.043877	-0.00037805	3.26E-06	-2.81E-08	2.42E-10	-2.08E-12	1.80E-14	1
-0.42108	-0.27266	0.17731	0.11481	0.074343	-0.074661	-0.048345	-0.031305	-0.02027	0.031438	0.020357	0.013182	0.0085355	0.005527	-0.013238	-0.008572	-0.0055506	-0.0035941	-0.0023273	-0.001507	0.0055743	0.0036095	0.0023372	0.0015134	0.00097997	0.00063456	0.00041089	1
-0.11578	-0.39693	0.013405	0.045957	0.15755	-0.001552	-0.0053208	-0.018242	-0.062538	0.00017969	0.00061605	0.002112	0.0072406	0.024823	-2.08E-05	-7.13E-05	-0.00024453	-0.00083832	-0.002874	-0.009853	2.41E-06	8.26E-06	2.83E-05	9.71E-05	0.00033275	0.0011408	0.003911	1
0.20104	-0.60161	0.040417	-0.12095	0.36193	0.0081255	-0.024315	0.072763	-0.21774	0.0016335	-0.0048884	0.014628	-0.043775	0.131	0.00032841	-0.00098275	0.0029409	-0.0088006	0.026336	-0.078809	6.60E-05	-0.00019757	0.00059123	-0.0017693	0.0052945	-0.015844	0.047412	1
0.46601	-0.53582	0.21717	-0.2497	0.2871	0.1012	-0.11636	0.13379	-0.15384	0.047161	-0.054226	0.062349	-0.071689	0.082428	0.021977	-0.02527	0.029055	-0.033408	0.038412	-0.044167	0.010242	-0.011776	0.01354	-0.015568	0.017901	-0.020582	0.023665	1
0.67339	-0.53582	0.45345	-0.36082	0.2871	0.30535	-0.24297	0.19333	-0.15384	0.20562	-0.16361	0.13019	-0.10359	0.082428	0.13846	-0.11018	0.087667	-0.069757	0.055506	-0.044167	0.09324	-0.074191	0.059034	-0.046974	0.037377	-0.029741	0.023665	1
-0.13882	0.54605	0.019271	-0.075803	0.29817	-0.0026752	0.010523	-0.041392	0.16282	0.00037137	-0.0014608	0.005746	-0.022602	0.088906	-5.16E-05	0.00020279	-0.00079767	0.0031376	-0.012342	0.048547	7.16E-06	-2.82E-05	0.00011073	-0.00043557	0.0017133	-0.0067393	0.026509	1
-0.29435	0.77997	0.086642	-0.22958	0.60835	-0.025503	0.067578	-0.17907	0.4745	0.0075068	-0.019892	0.052709	-0.13967	0.37009	-0.0022096	0.0058551	-0.015515	0.041111	-0.10894	0.28866	0.00065041	-0.0017234	0.0045668	-0.012101	0.032066	-0.084968	0.22515	1
-0.26555	0.96272	0.070517	-0.25565	0.92683	-0.018726	0.067888	-0.24612	0.89228	0.0049726	-0.018028	0.065357	-0.23694	0.85901	-0.0013205	0.0047872	-0.017356	0.062921	-0.22811	0.82699	0.00035065	-0.0012713	0.0046088	-0.016709	0.060575	-0.21961	0.79616	1
-0.16187	0.8019	0.026202	-0.1298	0.64304	-0.0042413	0.021011	-0.10409	0.51566	0.00068654	-0.0034011	0.016849	-0.083469	0.41351	-0.00011113	0.00055054	-0.0027273	0.013511	-0.066934	0.33159	1.80E-05	-8.91E-05	0.00044147	-0.0021871	0.010835	-0.053674	0.2659	1
-0.17339	0.64839	0.030064	-0.11242	0.42041	-0.0052128	0.019493	-0.072895	0.27259	0.00090385	-0.0033799	0.012639	-0.047264	0.17674	-0.00015672	0.00058605	-0.0021915	0.0081952	-0.030646	0.1146	2.72E-05	-0.00010161	0.00037999	-0.001421	0.0053137	-0.01987	0.074305	1
-0.28283	0.47295	0.079993	-0.13376	0.22368	-0.022624	0.037833	-0.063264	0.10579	0.0063988	-0.0107	0.017893	-0.029921	0.050034	-0.0018098	0.0030263	-0.0050607	0.0084625	-0.014151	0.023663	0.00051186	-0.00085594	0.0014313	-0.0023934	0.0040023	-0.0066927	0.011192	1
-0.36348	0.31213	0.13212	-0.11345	0.097425	-0.048022	0.041238	-0.035412	0.030409	0.017455	-0.014989	0.012872	-0.011053	0.0094917	-0.0063446	0.0054483	-0.0046786	0.0040176	-0.00345	0.0029626	0.0023061	-0.0019803	0.0017006	-0.0014603	0.001254	-0.0010769	0.00092473	1
-0.30012	0.027047	0.090072	-0.0081173	0.00073154	-0.027032	0.0024362	-0.00021955	1.98E-05	0.008113	-0.00073115	6.59E-05	-5.94E-06	5.35E-07	-0.0024349	0.00021943	-1.98E-05	1.78E-06	-1.61E-07	1.45E-08	0.00073075	-6.59E-05	5.94E-06	-5.35E-07	4.82E-08	-4.34E-09	3.91E-10	1
-0.23675	-0.21418	0.056051	0.050707	0.045873	-0.01327	-0.012005	-0.01086	-0.0098251	0.0031417	0.0028422	0.0025712	0.0023261	0.0021043	-0.00074379	-0.00067288	-0.00060873	-0.0005507	-0.0004982	-0.00045071	0.00017609	0.0001593	0.00014412	0.00013038	0.00011795	0.0001067	9.65E-05	1
-0.06394	-0.18494	0.0040883	0.011825	0.034203	-0.00026141	-0.00075609	-0.0021869	-0.0063255	1.67E-05	4.83E-05	0.00013983	0.00040445	0.0011698	-1.07E-06	-3.09E-06	-8.94E-06	-2.59E-05	-7.48E-05	-0.00021635	6.83E-08	1.98E-07	5.72E-07	1.65E-06	4.78E-06	1.38E-05	4.00E-05	1
0.062788	-0.16301	0.0039423	-0.010235	0.026572	0.00024753	-0.00064264	0.0016684	-0.0043315	1.55E-05	-4.04E-05	0.00010476	-0.00027197	0.00070609	9.76E-07	-2.53E-06	6.58E-06	-1.71E-05	4.43E-05	-0.0001151	6.13E-08	-1.59E-07	4.13E-07	-1.07E-06	2.78E-06	-7.23E-06	1.88E-05	1
0.22984	-0.41155	0.052826	-0.094591	0.16937	0.012142	-0.021741	0.038929	-0.069706	0.0027906	-0.0049969	0.0089474	-0.016021	0.028687	0.0006414	-0.0011485	0.0020565	-0.0036823	0.0065935	-0.011806	0.00014742	-0.00026397	0.00047266	-0.00084634	0.0015155	-0.0027136	0.0048589	1
0.2932	-0.2288	0.085966	-0.067084	0.052349	0.025205	-0.019669	0.015349	-0.011978	0.0073902	-0.005767	0.0045003	-0.0035118	0.0027405	0.0021668	-0.0016909	0.0013195	-0.0010297	0.0008035	-0.00062702	0.00063531	-0.00049576	0.00038687	-0.0003019	0.00023559	-0.00018384	0.00014346	1
0.48329	-0.18494	0.23357	-0.08938	0.034203	0.11288	-0.043196	0.01653	-0.0063255	0.054555	-0.020876	0.0079887	-0.003057	0.0011698	0.026366	-0.010089	0.0038609	-0.0014774	0.00056537	-0.00021635	0.012742	-0.0048761	0.0018659	-0.00071403	0.00027324	-0.00010456	4.00E-05	1
0.64459	-0.14108	0.4155	-0.090939	0.019904	0.26782	-0.058618	0.01283	-0.002808	0.17264	-0.037785	0.0082699	-0.00181	0.00039615	0.11128	-0.024356	0.0053307	-0.0011667	0.00025536	-5.59E-05	0.07173	-0.015699	0.0034361	-0.00075205	0.0001646	-3.60E-05	7.88E-06	1
0.46025	0.012427	0.21183	0.0057195	0.00015443	0.097495	0.0026324	7.11E-05	1.92E-06	0.044872	0.0012116	3.27E-05	8.83E-07	2.38E-08	0.020652	0.00055762	1.51E-05	4.07E-07	1.10E-08	2.96E-10	0.0095052	0.00025665	6.93E-06	1.87E-07	5.05E-09	1.36E-10	3.68E-12	1
0.6273	0.15863	0.39351	0.099509	0.025163	0.24685	0.062422	0.015785	0.0039917	0.15485	0.039157	0.009902	0.002504	0.0006332	0.097135	0.024563	0.0062115	0.0015707	0.00039721	0.00010044	0.060933	0.015409	0.0038965	0.00098533	0.00024917	6.30E-05	1.59E-05	1
0.57546	0.26827	0.33115	0.15438	0.071969	0.19057	0.088839	0.041415	0.019307	0.10966	0.051123	0.023833	0.01111	0.0051795	0.063107	0.029419	0.013715	0.0063936	0.0029806	0.0013895	0.036315	0.01693	0.0078923	0.0036793	0.0017152	0.00079961	0.00037276	1
0.72523	0.44371	0.52596	0.32179	0.19688	0.38144	0.23337	0.14278	0.087357	0.27663	0.16925	0.10355	0.063354	0.038761	0.20062	0.12274	0.075098	0.045946	0.028111	0.017199	0.1455	0.089018	0.054463	0.033322	0.020387	0.012473	0.0076312	1
0.22408	0.52412	0.050212	0.11744	0.2747	0.011251	0.026317	0.061555	0.14398	0.0025212	0.0058971	0.013793	0.032262	0.075461	0.00056496	0.0013214	0.0030908	0.0072293	0.016909	0.039551	0.0001266	0.00029611	0.00069259	0.0016199	0.003789	0.0088625	0.020729	1
0.44297	0.67032	0.19622	0.29693	0.44933	0.086921	0.13153	0.19904	0.30119	0.038503	0.058265	0.088168	0.13342	0.2019	0.017056	0.025809	0.039056	0.059101	0.089434	0.13534	0.0075552	0.011433	0.017301	0.02618	0.039617	0.059949	0.090718	1
0.322	0.69225	0.10368	0.2229	0.47921	0.033386	0.071775	0.15431	0.33173	0.01075	0.023112	0.049686	0.10682	0.22964	0.0034616	0.0074419	0.015999	0.034395	0.073945	0.15897	0.0011146	0.0023963	0.0051517	0.011075	0.02381	0.051188	0.11005	1
0.13767	0.57529	0.018953	0.0792	0.33096	0.0026093	0.010903	0.045563	0.1904	0.00035922	0.0015011	0.0062727	0.026212	0.10953	4.95E-05	0.00020665	0.00086356	0.0036086	0.015079	0.063014	6.81E-06	2.85E-05	0.00011889	0.0004968	0.002076	0.0086751	0.036251	1
-0.0063364	0.39985	4.02E-05	-0.0025336	0.15988	-2.54E-07	1.61E-05	-0.0010131	0.063928	1.61E-09	-1.02E-07	6.42E-06	-0.00040507	0.025562	-1.02E-11	6.45E-10	-4.07E-08	2.57E-06	-0.00016197	0.010221	6.47E-14	-4.08E-12	2.58E-10	-1.63E-08	1.03E-06	-6.48E-05	0.0040868	1
-0.092742	0.55336	0.0086011	-0.05132	0.30621	-0.00079768	0.0047595	-0.028398	0.16944	7.40E-05	-0.0004414	0.0026337	-0.015714	0.093763	-6.86E-06	4.09E-05	-0.00024426	0.0014574	-0.0086958	0.051885	6.36E-07	-3.80E-06	2.27E-05	-0.00013516	0.00080646	-0.0048119	0.028711	1
-0.20795	0.35599	0.043243	-0.074028	0.12673	-0.0089924	0.015394	-0.026353	0.045114	0.00187	-0.0032012	0.0054802	-0.0093815	0.01606	-0.00038886	0.00066569	-0.0011396	0.0019509	-0.0033397	0.0057173	8.09E-05	-0.00013843	0.00023698	-0.00040569	0.00069449	-0.0011889	0.0020353	1
-0.20795	0.17325	0.043243	-0.036027	0.030016	-0.0089924	0.0074919	-0.0062417	0.0052002	0.00187	-0.0015579	0.001298	-0.0010814	0.00090093	-0.00038886	0.00032397	-0.00026991	0.00022487	-0.00018735	0.00015609	8.09E-05	-6.74E-05	5.61E-05	-4.68E-05	3.90E-05	-3.25E-05	2.70E-05	1
-0.43836	0.21711	0.19216	-0.095172	0.047137	-0.084235	0.04172	-0.020663	0.010234	0.036925	-0.018288	0.0090578	-0.0044861	0.0022219	-0.016187	0.0080168	-0.0039706	0.0019665	-0.00097398	0.00048239	0.0070955	-0.0035143	0.0017405	-0.00086205	0.00042695	-0.00021146	0.00010473	1
-0.21947	-0.016813	0.048167	0.0036899	0.00028268	-0.010571	-0.00080983	-6.20E-05	-4.75E-06	0.0023201	0.00017773	1.36E-05	1.04E-06	7.99E-08	-0.00050919	-3.90E-05	-2.99E-06	-2.29E-07	-1.75E-08	-1.34E-09	0.00011175	8.56E-06	6.56E-07	5.02E-08	3.85E-09	2.95E-10	2.26E-11	1
-0.13882	-0.27266	0.019271	0.037851	0.074343	-0.0026752	-0.0052544	-0.01032	-0.02027	0.00037137	0.00072942	0.0014327	0.0028139	0.005527	-5.16E-05	-0.00010126	-0.00019888	-0.00039063	-0.00076725	-0.001507	7.16E-06	1.41E-05	2.76E-05	5.42E-05	0.00010651	0.0002092	0.00041089	1
0.18376	0.93348	0.033768	0.17154	0.87138	0.0062052	0.031522	0.16013	0.81342	0.0011403	0.0057924	0.029425	0.14947	0.75931	0.00020953	0.0010644	0.0054071	0.027467	0.13953	0.7088	3.85E-05	0.0001956	0.00099361	0.0050474	0.02564	0.13025	0.66165	0
0.22408	0.77997	0.050212	0.17478	0.60835	0.011251	0.039164	0.13632	0.4745	0.0025212	0.0087758	0.030547	0.10633	0.37009	0.00056496	0.0019665	0.0068449	0.023825	0.082931	0.28866	0.0001266	0.00044065	0.0015338	0.0053388	0.018583	0.064683	0.22515	0
0.29896	0.61915	0.089377	0.1851	0.38335	0.02672	0.055338	0.11461	0.23735	0.0079883	0.016544	0.034262	0.070958	0.14695	0.0023882	0.0049459	0.010243	0.021214	0.043934	0.090987	0.00071397	0.0014786	0.0030623	0.006342	0.013134	0.027201	0.056335	0
0.50634	0.75804	0.25638	0.38383	0.57462	0.12982	0.19435	0.29096	0.43559	0.065731	0.098405	0.14732	0.22056	0.33019	0.033282	0.049827	0.074595	0.11168	0.16719	0.2503	0.016852	0.025229	0.037771	0.056546	0.084655	0.12674	0.18974	0
0.61578	0.7288	0.37919	0.44878	0.53115	0.23349	0.27635	0.32707	0.3871	0.14378	0.17017	0.2014	0.23837	0.28212	0.088538	0.10479	0.12402	0.14678	0.17372	0.20561	0.05452	0.064526	0.076369	0.090386	0.10698	0.12661	0.14985	0
0.60426	0.59722	0.36513	0.36088	0.35667	0.22063	0.21806	0.21552	0.21301	0.13332	0.13177	0.13023	0.12871	0.12721	0.08056	0.079621	0.078694	0.077777	0.076871	0.075975	0.048679	0.048112	0.047551	0.046997	0.04645	0.045909	0.045374	0
0.76555	0.50219	0.58607	0.38445	0.25219	0.44866	0.29432	0.19307	0.12665	0.34347	0.22531	0.1478	0.096957	0.063602	0.26295	0.17249	0.11315	0.074225	0.048691	0.03194	0.2013	0.13205	0.086622	0.056823	0.037275	0.024452	0.01604	0
0.92684	0.3633	0.85903	0.33672	0.13199	0.79619	0.31209	0.12233	0.047951	0.73794	0.28925	0.11338	0.044443	0.017421	0.68395	0.26809	0.10509	0.041191	0.016146	0.0063289	0.63391	0.24848	0.097398	0.038178	0.014965	0.0058659	0.0022993	0
0.82316	0.27558	0.67759	0.22685	0.075944	0.55777	0.18673	0.062514	0.020929	0.45913	0.15371	0.051459	0.017228	0.0057675	0.37794	0.12653	0.042359	0.014181	0.0047476	0.0015894	0.3111	0.10415	0.034868	0.011673	0.003908	0.0013083	0.00043801	0
0.96141	0.085526	0.92431	0.082226	0.0073147	0.88864	0.079052	0.0070324	0.0006256	0.85435	0.076002	0.006761	0.00060145	5.35E-05	0.82138	0.073069	0.0065001	0.00057824	5.14E-05	4.58E-06	0.78968	0.070249	0.0062493	0.00055593	4.95E-05	4.40E-06	3.91E-07	0
0.93836	0.012427	0.88052	0.011661	0.00015443	0.82624	0.010942	0.00014491	1.92E-06	0.77531	0.010268	0.00013598	1.80E-06	2.38E-08	0.72752	0.0096348	0.0001276	1.69E-06	2.24E-08	2.96E-10	0.68268	0.0090409	0.00011973	1.59E-06	2.10E-08	2.78E-10	3.68E-12	0
0.86348	-0.082602	0.7456	-0.071325	0.0068231	0.64381	-0.061588	0.0058916	-0.0005636	0.55592	-0.05318	0.0050873	-0.00048666	4.66E-05	0.48002	-0.04592	0.0043928	-0.00042022	4.02E-05	-3.85E-06	0.41449	-0.039651	0.0037931	-0.00036285	3.47E-05	-3.32E-06	3.18E-07	0
0.89804	-0.20687	0.80648	-0.18578	0.042795	0.72425	-0.16684	0.038432	-0.008853	0.6504	-0.14983	0.034513	-0.0079504	0.0018314	0.58409	-0.13455	0.030994	-0.0071398	0.0016447	-0.00037887	0.52453	-0.12083	0.027834	-0.0064118	0.001477	-0.00034024	7.84E-05	0
0.85196	-0.36769	0.72584	-0.31326	0.1352	0.61838	-0.26688	0.11518	-0.04971	0.52684	-0.22737	0.09813	-0.042351	0.018278	0.44884	-0.19371	0.083603	-0.036081	0.015572	-0.0067206	0.3824	-0.16504	0.071226	-0.03074	0.013267	-0.0057257	0.0024711	0
0.82892	-0.5212	0.68711	-0.43203	0.27165	0.56956	-0.35812	0.22518	-0.14158	0.47212	-0.29685	0.18665	-0.11736	0.073793	0.39135	-0.24607	0.15472	-0.097283	0.061169	-0.038461	0.3244	-0.20397	0.12825	-0.08064	0.050704	-0.031881	0.020046	0
0.79435	-0.55775	0.63099	-0.44305	0.31109	0.50123	-0.35194	0.24711	-0.17351	0.39815	-0.27956	0.19629	-0.13783	0.096774	0.31627	-0.22207	0.15592	-0.10948	0.076872	-0.053976	0.25123	-0.1764	0.12386	-0.086967	0.061064	-0.042876	0.030105	0
0.59274	-0.7405	0.35134	-0.43892	0.54834	0.20825	-0.26017	0.32502	-0.40605	0.12344	-0.15421	0.19265	-0.24068	0.30068	0.073168	-0.091408	0.11419	-0.14266	0.17822	-0.22265	0.04337	-0.054181	0.067687	-0.084561	0.10564	-0.13197	0.16487	0
0.51786	-0.5943	0.26818	-0.30776	0.35319	0.13888	-0.15938	0.1829	-0.2099	0.07192	-0.082536	0.094719	-0.1087	0.12474	0.037244	-0.042742	0.049051	-0.056291	0.0646	-0.074136	0.019287	-0.022134	0.025402	-0.029151	0.033454	-0.038392	0.044059	0
0.46601	-0.41886	0.21717	-0.19519	0.17544	0.1012	-0.090962	0.081759	-0.073486	0.047161	-0.042389	0.0381	-0.034245	0.03078	0.021977	-0.019754	0.017755	-0.015959	0.014344	-0.012893	0.010242	-0.0092055	0.0082741	-0.0074369	0.0066845	-0.0060081	0.0054002	0
0.35081	-0.57968	0.12307	-0.20336	0.33603	0.043173	-0.07134	0.11788	-0.19479	0.015146	-0.025027	0.041354	-0.068334	0.11292	0.0053132	-0.0087796	0.014507	-0.023972	0.039612	-0.065455	0.0018639	-0.00308	0.0050894	-0.0084097	0.013896	-0.022962	0.037943	0
0.28744	-0.76974	0.082622	-0.22125	0.5925	0.023749	-0.063597	0.17031	-0.45607	0.0068264	-0.01828	0.048953	-0.13109	0.35106	0.0019622	-0.0052545	0.014071	-0.037681	0.10091	-0.27022	0.00056401	-0.0015104	0.0040446	-0.010831	0.029005	-0.077673	0.208	0
0.085829	-0.75512	0.0073666	-0.064811	0.57021	0.00063227	-0.0055627	0.04894	-0.43057	5.43E-05	-0.00047744	0.0042005	-0.036956	0.32514	4.66E-06	-4.10E-05	0.00036052	-0.0031719	0.027906	-0.24552	4.00E-07	-3.52E-06	3.09E-05	-0.00027224	0.0023951	-0.021072	0.18539	0
0.14919	-0.57968	0.022258	-0.086482	0.33603	0.0033206	-0.012902	0.050132	-0.19479	0.0004954	-0.0019249	0.0074792	-0.029061	0.11292	7.39E-05	-0.00028718	0.0011158	-0.0043356	0.016846	-0.065455	1.10E-05	-4.28E-05	0.00016647	-0.00064682	0.0025132	-0.0097652	0.037943	0
-0.13306	-0.4481	0.017705	0.059624	0.20079	-0.0023558	-0.0079336	-0.026718	-0.089976	0.00031347	0.0010556	0.003555	0.011972	0.040318	-4.17E-05	-0.00014046	-0.00047303	-0.001593	-0.0053647	-0.018067	5.55E-06	1.87E-05	6.29E-05	0.00021197	0.00071383	0.0024039	0.0080956	0
-0.40956	-0.41155	0.16774	0.16855	0.16937	-0.068699	-0.069033	-0.069369	-0.069706	0.028137	0.028273	0.028411	0.028549	0.028687	-0.011524	-0.01158	-0.011636	-0.011692	-0.011749	-0.011806	0.0047196	0.0047425	0.0047656	0.0047887	0.004812	0.0048354	0.0048589	0
-0.39228	-0.25804	0.15388	0.10122	0.066585	-0.060365	-0.039708	-0.02612	-0.017182	0.02368	0.015577	0.010246	0.00674	0.0044335	-0.0092893	-0.0061104	-0.0040194	-0.002644	-0.0017392	-0.001144	0.003644	0.002397	0.0015767	0.0010372	0.00068225	0.00044878	0.0002952	0
-0.74366	-0.25804	0.55303	0.19189	0.066585	-0.41127	-0.1427	-0.049516	-0.017182	0.30584	0.10612	0.036823	0.012777	0.0044335	-0.22744	-0.07892	-0.027384	-0.0095019	-0.003297	-0.001144	0.16914	0.058689	0.020364	0.0070662	0.0024519	0.00085076	0.0002952	0
-0.69758	0.041667	0.48662	-0.029066	0.0017361	-0.33945	0.020276	-0.0012111	7.23E-05	0.2368	-0.014144	0.00084484	-5.05E-05	3.01E-06	-0.16518	0.0098666	-0.00058934	3.52E-05	-2.10E-06	1.26E-07	0.11523	-0.0068828	0.00041111	-2.46E-05	1.47E-06	-8.76E-08	5.23E-09	0
-0.75518	0.2902	0.5703	-0.21915	0.084216	-0.43068	0.1655	-0.063598	0.024439	0.32524	-0.12498	0.048028	-0.018456	0.0070923	-0.24561	0.094384	-0.03627	0.013938	-0.005356	0.0020582	0.18548	-0.071277	0.02739	-0.010526	0.0040447	-0.0015543	0.00059729	0
-0.69758	0.68494	0.48662	-0.4778	0.46914	-0.33945	0.3333	-0.32726	0.32133	0.2368	-0.23251	0.22829	-0.22416	0.22009	-0.16518	0.16219	-0.15925	0.15637	-0.15353	0.15075	0.11523	-0.11314	0.11109	-0.10908	0.1071	-0.10516	0.10326	0
-0.4038	0.70687	0.16305	-0.28543	0.49967	-0.065841	0.11526	-0.20176	0.3532	0.026587	-0.046541	0.081473	-0.14262	0.24967	-0.010736	0.018793	-0.032899	0.057591	-0.10081	0.17648	0.0043351	-0.0075888	0.013284	-0.023255	0.040709	-0.071263	0.12475	0
-0.38076	0.91886	0.14498	-0.34987	0.8443	-0.055202	0.13321	-0.32148	0.7758	0.021019	-0.050723	0.12241	-0.29539	0.71285	-0.0080031	0.019313	-0.046607	0.11247	-0.27142	0.65501	0.0030472	-0.0073537	0.017746	-0.042825	0.10335	-0.2494	0.60186	0
-0.50749	0.90424	0.25755	-0.45889	0.81765	-0.1307	0.23288	-0.41495	0.73935	0.06633	-0.11819	0.21058	-0.37521	0.66855	-0.033662	0.059978	-0.10687	0.19042	-0.33928	0.60453	0.017083	-0.030438	0.054235	-0.096635	0.17218	-0.30679	0.54664	0
-0.54781	0.70687	0.3001	-0.38723	0.49967	-0.1644	0.21213	-0.27372	0.3532	0.090057	-0.11621	0.14995	-0.19349	0.24967	-0.049334	0.063659	-0.082143	0.10599	-0.13677	0.17648	0.027026	-0.034873	0.044999	-0.058064	0.074924	-0.096678	0.12475	0
0.10311	0.77997	0.010632	0.080423	0.60835	0.0010962	0.0082924	0.062727	0.4745	0.00011303	0.00085503	0.0064678	0.048925	0.37009	1.17E-05	8.82E-05	0.0006669	0.0050447	0.03816	0.28866	1.20E-06	9.09E-06	6.88E-05	0.00052016	0.0039347	0.029764	0.22515	0
0.057028	0.91886	0.0032522	0.052401	0.8443	0.00018547	0.0029883	0.048149	0.7758	1.06E-05	0.00017042	0.0027458	0.044242	0.71285	6.03E-07	9.72E-06	0.00015659	0.002523	0.040652	0.65501	3.44E-08	5.54E-07	8.93E-06	0.00014388	0.0023183	0.037354	0.60186	0
-0.10426	0.99196	0.01087	-0.10342	0.98398	-0.0011333	0.010783	-0.10259	0.97607	0.00011816	-0.0011242	0.010696	-0.10177	0.96823	-1.23E-05	0.00011721	-0.0011152	0.01061	-0.10095	0.96044	1.28E-06	-1.22E-05	0.00011627	-0.0011062	0.010525	-0.10014	0.95272	0
-0.081221	1.1089	0.0065969	-0.090066	1.2297	-0.0005358	0.0073152	-0.099874	1.3636	4.35E-05	-0.00059415	0.0081119	-0.11075	1.5121	-3.53E-06	4.83E-05	-0.00065885	0.0089953	-0.12281	1.6767	2.87E-07	-3.92E-06	5.35E-05	-0.0007306	0.0099748	-0.13619	1.8593	0
0.28744	1.087	0.082622	0.31245	1.1816	0.023749	0.08981	0.33963	1.2844	0.0068264	0.025815	0.097623	0.36918	1.3961	0.0019622	0.0074202	0.028061	0.10612	0.4013	1.5176	0.00056401	0.0021329	0.0080658	0.030502	0.11535	0.43621	1.6496	0
0.39689	0.82383	0.15752	0.32697	0.6787	0.062519	0.12977	0.26937	0.55913	0.024813	0.051505	0.10691	0.22191	0.46063	0.0098481	0.020442	0.042431	0.088075	0.18282	0.37948	0.0039086	0.0081131	0.016841	0.034956	0.072559	0.15061	0.31263	0
0.63882	0.88962	0.40809	0.56831	0.79142	0.2607	0.36305	0.50558	0.70407	0.16654	0.23192	0.32297	0.44977	0.62635	0.10639	0.14816	0.20632	0.28732	0.40013	0.55721	0.067963	0.094645	0.1318	0.18355	0.25561	0.35596	0.49571	0
0.82316	0.66301	0.67759	0.54576	0.43958	0.55777	0.44925	0.36185	0.29145	0.45913	0.36981	0.29786	0.23991	0.19323	0.37794	0.30441	0.24518	0.19748	0.15906	0.12812	0.3111	0.25058	0.20183	0.16256	0.13093	0.10546	0.084942	0
0.67339	0.64108	0.45345	0.4317	0.41098	0.30535	0.2907	0.27675	0.26347	0.20562	0.19575	0.18636	0.17742	0.16891	0.13846	0.13182	0.12549	0.11947	0.11374	0.10828	0.09324	0.088766	0.084507	0.080452	0.076592	0.072917	0.069418	0
1.0709	0.10015	1.1468	0.10725	0.01003	1.2281	0.11485	0.010741	0.0010045	1.3152	0.123	0.011503	0.0010757	0.0001006	1.4085	0.13172	0.012318	0.001152	0.00010773	1.01E-05	1.5083	0.14106	0.013192	0.0012337	0.00011537	1.08E-05	1.01E-06	0
-0.046659	-0.57968	0.0021771	0.027047	0.33603	-0.00010158	-0.001262	-0.015679	-0.19479	4.74E-06	5.89E-05	0.00073156	0.0090887	0.11292	-2.21E-07	-2.75E-06	-3.41E-05	-0.00042407	-0.0052685	-0.065455	1.03E-08	1.28E-07	1.59E-06	1.98E-05	0.00024582	0.0030541	0.037943	0
-0.23675	-0.63816	0.056051	0.15108	0.40725	-0.01327	-0.035769	-0.096416	-0.25989	0.0031417	0.0084684	0.022826	0.061529	0.16585	-0.00074379	-0.0020049	-0.0054042	-0.014567	-0.039265	-0.10584	0.00017609	0.00047466	0.0012794	0.0034487	0.009296	0.025058	0.067543	0
-0.15035	-0.36769	0.022605	0.055282	0.1352	-0.0033987	-0.0083117	-0.020327	-0.04971	0.00051099	0.0012497	0.0030561	0.0074739	0.018278	-7.68E-05	-0.00018789	-0.00045949	-0.0011237	-0.0027481	-0.0067206	1.16E-05	2.82E-05	6.91E-05	0.00016895	0.00041318	0.0010104	0.0024711	0
-0.49021	-0.3019	0.24031	0.14799	0.091144	-0.1178	-0.072548	-0.04468	-0.027516	0.057747	0.035564	0.021902	0.013489	0.0083072	-0.028308	-0.017434	-0.010737	-0.0066123	-0.0040723	-0.0025079	0.013877	0.0085462	0.0052633	0.0032414	0.0019963	0.0012294	0.00075714	0
-0.46717	-0.13377	0.21825	0.062493	0.017894	-0.10196	-0.029195	-0.0083597	-0.0023937	0.047632	0.013639	0.0039054	0.0011183	0.00032021	-0.022252	-0.0063717	-0.0018245	-0.00052243	-0.00014959	-4.28E-05	0.010396	0.0029767	0.00085235	0.00024406	6.99E-05	2.00E-05	5.73E-06	0
-0.28859	-0.060673	0.083284	0.01751	0.0036812	-0.024035	-0.0050531	-0.0010624	-0.00022335	0.0069363	0.0014583	0.00030659	6.45E-05	1.36E-05	-0.0020017	-0.00042084	-8.85E-05	-1.86E-05	-3.91E-06	-8.22E-07	0.00057768	0.00012145	2.55E-05	5.37E-06	1.13E-06	2.37E-07	4.99E-08	0
-0.61118	-0.067982	0.37354	0.041549	0.0046216	-0.2283	-0.025394	-0.0028246	-0.00031418	0.13953	0.01552	0.0017263	0.00019202	2.14E-05	-0.08528	-0.0094857	-0.0010551	-0.00011736	-1.31E-05	-1.45E-06	0.052121	0.0057975	0.00064486	7.17E-05	7.98E-06	8.87E-07	9.87E-08	0
-0.66302	-0.21418	0.4396	0.14201	0.045873	-0.29146	-0.094153	-0.030415	-0.0098251	0.19324	0.062425	0.020166	0.0065142	0.0021043	-0.12812	-0.041389	-0.01337	-0.0043191	-0.0013952	-0.00045071	0.084949	0.027442	0.0088647	0.0028636	0.00092506	0.00029883	9.65E-05	0
-0.59965	-0.41886	0.35958	0.25117	0.17544	-0.21562	-0.15061	-0.1052	-0.073486	0.1293	0.090316	0.063086	0.044066	0.03078	-0.077533	-0.054158	-0.03783	-0.026424	-0.018458	-0.012893	0.046493	0.032476	0.022684	0.015845	0.011068	0.0077311	0.0054002	0
-0.72638	-0.082602	0.52763	0.06	0.0068231	-0.38326	-0.043583	-0.0049562	-0.0005636	0.27839	0.031658	0.0036001	0.00040939	4.66E-05	-0.20222	-0.022996	-0.002615	-0.00029737	-3.38E-05	-3.85E-06	0.14689	0.016704	0.0018995	0.000216	2.46E-05	2.79E-06	3.18E-07	0
-0.83007	0.31213	0.68902	-0.25909	0.097425	-0.57193	0.21506	-0.08087	0.030409	0.47474	-0.17852	0.067127	-0.025242	0.0094917	-0.39407	0.14818	-0.055721	0.020953	-0.0078787	0.0029626	0.32711	-0.123	0.046252	-0.017392	0.0065399	-0.0024592	0.00092473	0
-0.72062	0.53874	0.51929	-0.38823	0.29024	-0.37421	0.27976	-0.20915	0.15636	0.26967	-0.2016	0.15072	-0.11268	0.08424	-0.19433	0.14528	-0.10861	0.081199	-0.060705	0.045383	0.14004	-0.10469	0.078268	-0.058514	0.043745	-0.032704	0.02445	0
-0.59389	0.49488	0.35271	-0.2939	0.24491	-0.20947	0.17455	-0.14545	0.1212	0.1244	-0.10366	0.08638	-0.071979	0.059979	-0.073881	0.061564	-0.0513	0.042748	-0.035621	0.029682	0.043877	-0.036562	0.030467	-0.025387	0.021155	-0.017628	0.014689	0
-0.48445	0.99927	0.23469	-0.4841	0.99854	-0.1137	0.23452	-0.48374	0.99781	0.05508	-0.11361	0.23435	-0.48339	0.99708	-0.026684	0.05504	-0.11353	0.23418	-0.48304	0.99636	0.012927	-0.026664	0.055	-0.11345	0.23401	-0.48268	0.99563	0
-0.0063364	0.99927	4.02E-05	-0.0063318	0.99854	-2.54E-07	4.01E-05	-0.0063272	0.99781	1.61E-09	-2.54E-07	4.01E-05	-0.0063225	0.99708	-1.02E-11	1.61E-09	-2.54E-07	4.01E-05	-0.0063179	0.99636	6.47E-14	-1.02E-11	1.61E-09	-2.54E-07	4.00E-05	-0.0063133	0.99563	0
0.63265	-0.030612	0.40025	-0.019367	0.00093709	0.25322	-0.012252	0.00059285	-2.87E-05	0.1602	-0.0077514	0.00037507	-1.81E-05	8.78E-07	0.10135	-0.0049039	0.00023729	-1.15E-05	5.56E-07	-2.69E-08	0.064118	-0.0031025	0.00015012	-7.26E-06	3.51E-07	-1.70E-08	8.23E-10	0
